,acc_x,acc_y,acc_z,gyro_x,gyro_y,gyro_z,mag_x,mag_y,mag_z,time
0,-0.98,0.0,-0.0,-1.53,1.59,-1.28,-61.7,541.27,-785.0,8.584839820861816
1,-0.99,0.0,-0.0,-1.53,1.59,-1.22,-68.76,534.18,-788.42,8.62197995185852
2,-0.98,0.0,-0.0,-1.53,1.65,-1.28,-65.23,527.08,-788.42,8.68875527381897
3,-0.98,0.0,-0.0,-1.53,1.59,-1.4,-65.23,530.63,-791.84,8.79570722579956
4,-0.98,0.0,0.0,-1.59,1.59,-1.22,-56.41,518.2,-779.87,8.899122476577759
5,-0.98,0.0,-0.0,-1.46,1.53,-1.28,-59.94,532.4,-773.03,9.006116151809692
6,-0.98,0.0,0.0,-1.59,1.53,-1.28,-59.94,532.4,-793.55,9.110393285751343
7,-0.98,0.01,-0.0,-1.53,1.53,-1.34,-61.7,516.43,-778.16,9.315910339355469
8,-0.98,0.0,-0.0,-1.59,1.46,-1.28,-65.23,519.98,-791.84,9.353249788284302
9,-0.98,0.01,-0.0,-1.59,1.59,-1.34,-51.13,519.98,-781.58,9.423356533050537
10,-0.98,0.01,-0.0,-1.59,1.46,-1.22,-47.6,527.08,-791.84,9.623254299163818
11,-0.98,0.0,-0.0,-1.53,1.53,-1.28,-58.18,527.08,-788.42,9.664734363555908
12,-0.98,0.0,-0.01,-1.59,1.59,-1.16,-58.18,530.63,-771.32,9.738378524780273
13,-0.98,0.01,-0.0,-1.46,1.46,-1.22,-49.36,535.95,-786.71,9.844449996948242
14,-0.99,0.0,-0.0,-1.59,1.53,-1.28,-44.07,534.18,-771.32,9.94888687133789
15,-0.98,0.0,-0.0,-1.59,1.59,-1.28,-59.94,521.75,-783.29,10.053058624267578
16,-0.98,0.0,-0.0,-1.65,1.53,-1.28,-51.13,534.18,-785.0,10.15854024887085
17,-0.98,0.0,0.0,-1.59,1.53,-1.22,-63.47,525.3,-793.55,10.254773139953613
18,-0.98,0.01,-0.0,-1.59,1.53,-1.28,-52.89,525.3,-779.87,10.368589162826538
19,-0.98,0.0,-0.0,-1.59,1.65,-1.4,-66.99,528.85,-786.71,10.471435785293579
20,-0.98,0.0,-0.0,-1.59,1.53,-1.34,-59.94,539.5,-783.29,10.572073459625244
21,-0.99,0.0,-0.0,-1.59,1.53,-1.4,-54.65,527.08,-774.74,10.672301292419434
22,-0.98,0.0,-0.0,-1.59,1.4,-1.34,-61.7,527.08,-791.84,10.785891771316528
23,-0.98,0.0,-0.0,-1.46,1.53,-1.28,-51.13,523.53,-781.58,10.889753103256226
24,-0.98,0.0,0.0,-1.59,1.53,-1.4,-63.47,525.3,-779.87,10.997369766235352
25,-0.99,0.0,-0.0,-1.65,1.59,-1.34,-66.99,518.2,-773.03,11.104326486587524
26,-0.98,0.0,0.0,-1.53,1.46,-1.4,-63.47,535.95,-779.87,11.207350015640259
27,-0.98,0.0,-0.0,-1.53,1.59,-1.28,-56.41,528.85,-776.45,11.313631534576416
28,-0.98,0.0,-0.0,-1.65,1.46,-1.28,-59.94,525.3,-783.29,11.52341628074646
29,-0.98,0.01,-0.0,-1.53,1.46,-1.28,-51.13,534.18,-781.58,11.546778202056885
30,-0.98,0.0,-0.0,-1.46,1.59,-1.22,-68.76,519.98,-774.74,11.626441955566406
31,-0.98,0.0,-0.0,-1.53,1.53,-1.28,-52.89,528.85,-779.87,11.732923984527588
32,-0.98,0.0,-0.0,-1.53,1.4,-1.34,-49.36,532.4,-779.87,11.837358236312866
33,-0.98,0.0,-0.0,-1.59,1.59,-1.4,-70.52,521.75,-769.61,11.941489934921265
34,-0.98,0.0,0.0,-1.53,1.53,-1.28,-56.41,525.3,-783.29,12.047765970230103
35,-0.98,0.0,0.0,-1.59,1.4,-1.22,-59.94,528.85,-790.13,12.14467477798462
36,-0.98,0.0,-0.0,-1.59,1.46,-1.22,-54.65,537.72,-781.58,12.257586002349854
37,-0.98,0.0,0.0,-1.53,1.53,-1.28,-54.65,534.18,-774.74,12.360207557678223
38,-0.98,0.0,0.0,-1.53,1.53,-1.34,-52.89,525.3,-776.45,12.455524444580078
39,-0.98,0.01,-0.0,-1.59,1.53,-1.22,-51.13,512.88,-795.26,12.567723989486694
40,-0.98,0.0,-0.01,-1.53,1.59,-1.34,-56.41,528.85,-776.45,12.673429489135742
41,-0.98,0.0,-0.0,-1.53,1.53,-1.28,-59.94,532.4,-790.13,12.779741764068604
42,-0.98,0.0,-0.0,-1.53,1.46,-1.28,-49.36,528.85,-790.13,12.885340929031372
43,-0.98,0.0,-0.0,-1.53,1.59,-1.28,-49.36,525.3,-796.97,12.98967695236206
44,-0.98,0.0,0.0,-1.53,1.53,-1.28,-56.41,535.95,-783.29,13.086809635162354
45,-0.98,0.0,-0.0,-1.53,1.53,-1.22,-52.89,514.65,-786.71,13.200078248977661
46,-0.98,0.0,-0.0,-1.53,1.53,-1.28,-70.52,532.4,-773.03,13.305523872375488
47,-0.98,0.01,-0.0,-1.46,1.53,-1.34,-58.18,527.08,-788.42,13.411698818206787
48,-0.98,0.0,0.0,-1.59,1.53,-1.22,-56.41,535.95,-786.71,13.514862537384033
49,-0.98,0.01,-0.0,-1.59,1.4,-1.28,-54.65,523.53,-802.1,13.621483325958252
50,-0.98,0.0,0.0,-1.53,1.46,-1.46,-54.65,544.82,-781.58,13.725196361541748
51,-0.98,0.0,-0.0,-1.59,1.46,-1.22,-56.41,528.85,-783.29,13.830484390258789
52,-0.98,0.0,-0.0,-1.46,1.53,-1.22,-51.13,527.08,-788.42,13.9351224899292
53,-0.98,0.0,-0.0,-1.53,1.53,-1.28,-54.65,530.63,-791.84,14.040920734405518
54,-0.98,0.01,-0.0,-1.59,1.59,-1.28,-70.52,535.95,-779.87,14.14401388168335
55,-0.98,0.0,-0.0,-1.53,1.59,-1.34,-44.07,530.63,-788.42,14.249243974685669
56,-0.98,0.01,-0.0,-1.46,1.53,-1.28,-52.89,539.5,-786.71,14.34158730506897
57,-0.98,0.01,-0.0,-1.46,1.59,-1.34,-52.89,535.95,-783.29,14.455018758773804
58,-0.98,0.0,-0.0,-1.46,1.53,-1.28,-52.89,521.75,-786.71,14.669312238693237
59,-0.98,0.0,-0.0,-1.46,1.53,-1.22,-59.94,528.85,-786.71,14.70388674736023
60,-0.98,0.0,-0.0,-1.53,1.59,-1.22,-47.6,530.63,-788.42,14.765923023223877
61,-0.98,0.0,-0.0,-1.59,1.53,-1.28,-68.76,527.08,-778.16,14.878705024719238
62,-0.98,0.0,-0.0,-1.53,1.59,-1.34,-52.89,532.4,-786.71,14.975858926773071
63,-0.98,0.01,-0.0,-1.59,1.59,-1.34,-38.78,521.75,-776.45,15.088112592697144
64,-0.98,0.01,-0.01,-1.59,1.53,-1.28,-54.65,523.53,-785.0,15.284674644470215
65,-0.98,0.0,-0.0,-1.59,1.46,-1.28,-45.84,514.65,-783.29,15.330330610275269
66,-0.98,0.0,-0.0,-1.53,1.59,-1.34,-59.94,532.4,-786.71,15.397758483886719
67,-0.98,0.0,-0.0,-1.53,1.59,-1.22,-66.99,535.95,-796.97,15.509406089782715
68,-0.98,0.0,-0.0,-1.59,1.46,-1.28,-58.18,534.18,-778.16,15.612376928329468
69,-0.98,0.0,-0.0,-1.53,1.53,-1.28,-59.94,525.3,-786.71,15.82254672050476
70,-0.98,0.01,-0.0,-1.53,1.53,-1.28,-54.65,523.53,-785.0,15.854614973068237
71,-0.98,0.0,0.0,-1.46,1.53,-1.16,-54.65,523.53,-785.0,15.92804479598999
72,-0.99,-0.0,-0.0,-1.59,1.46,-1.46,-49.36,532.4,-769.61,16.032628774642944
73,-0.98,0.0,-0.0,-1.59,1.46,-1.28,-61.7,548.37,-781.58,16.242697954177856
74,-0.98,0.01,0.0,-1.59,1.46,-1.28,-63.47,514.65,-783.29,16.273067474365234
75,-0.98,0.0,0.0,-1.59,1.53,-1.34,-56.41,525.3,-783.29,16.34020161628723
76,-0.98,0.0,-0.0,-1.53,1.65,-1.4,-51.13,519.98,-785.0,16.43766713142395
